%YAML:1.0
camera_matrix: !!opencv-matrix
   rows: 3
   cols: 3
   dt: d
   data: [ 5.4223402458105852e+002, 0., 2.8774334705468590e+002, 0.,
       5.3978243872808116e+002, 2.3153303795607576e+002, 0., 0., 1. ]
